160
-7
-7
-7
-7
-8
-8
-8
-8
-9
-9
-10
-10
-11
-11
-12
-13
-13
-14
-15
-16
-17
-18
-19
-20
-21
-22
-23
-24
-26
-27
-28
-29
-31
-32
-33
-35
-36
-38
-39
-41
-42
-44
-45
-47
-48
-50
-51
-53
-54
-56
-57
-59
-60
-62
-64
-65
-67
-68
-69
-71
-72
-74
-75
-76
-78
-79
-80
-81
-83
-84
-84
-86
-87
-88
-88
-89
-90
-91
-91
-92
-92
-93
-93
-93
-93
-93
-93
-93
-93
-93
-92
-92
-91
-91
-90
-89
-88
-87
-86
-85
-83
-82
-80
-79
-77
-75
-73
-71
-69
-66
-64
-61
-59
-56
-53
-50
-47
-43
-40
-37
-33
-29
-26
-22
-18
-14
-9
-5
-1
4
8
13
18
23
28
33
38
43
48
54
59
65
70
76
81
87
93
98
104
110
116
122
128
134
140
146
152
158
164
170
176
182
188
194
200
206
212
218
223
229
235
240
246
252
257
262
268
273
278
283
288
293
298
302
307
311
316
320
324
328
332
336
339
343
346
349
352
355
358
360
363
365
367
369
371
372
374
375
376
377
378
378
379
379
379
379
379
378
378
377
376
375
374
372
371
369
367
365
363
360
358
355
352
349
346
343
339
336
332
328
324
320
316
311
307
302
298
293
288
283
278
273
268
262
257
252
246
240
235
229
223
218
212
206
200
194
188
182
176
170
164
158
152
146
140
134
128
122
116
110
104
98
93
87
81
76
70
65
59
54
48
43
38
33
28
23
18
13
8
4
-1
-5
-9
-14
-18
-22
-26
-29
-33
-37
-40
-43
-47
-50
-53
-56
-59
-61
-64
-66
-69
-71
-73
-75
-77
-79
-80
-82
-83
-85
-86
-87
-88
-89
-90
-91
-91
-92
-92
-93
-93
-93
-93
-93
-93
-93
-93
-93
-92
-92
-91
-91
-90
-89
-88
-88
-87
-86
-84
-84
-83
-81
-80
-79
-78
-76
-75
-74
-72
-71
-69
-68
-67
-65
-64
-62
-60
-59
-57
-56
-54
-53
-51
-50
-48
-47
-45
-44
-42
-41
-39
-38
-36
-35
-33
-32
-31
-29
-28
-27
-26
-24
-23
-22
-21
-20
-19
-18
-17
-16
-15
-14
-13
-13
-12
-11
-11
-10
-10
-9
-9
-8
-8
-8
-8
-7
-7
-7
-7
160

