113
54
-75
-163
-235
-126
202
213
-79
10
235
33
-100
66
-1
-132
-31
-63
-138
-5
-20
-87
87
95
-15
145
158
-19
91
101
-128
-45
2
-233
-133
3
-200
-75
151
-40
56
317
81
73
318
14
-115
137
-174
-361
-19
-236
-415
67
-18
-215
349
328
-9
506
457
-119
281
224
-555
-186
-78
-906
-418
48
-732
-104
753
-103
443
1539
294
401
1622
-293
-896
743
-1924
-3416
-107
-3729
-7745
5490
17332
5490
-7745
-3729
-107
-3416
-1924
743
-896
-293
1622
401
294
1539
443
-103
753
-104
-732
48
-418
-906
-78
-186
-555
224
281
-119
457
506
-9
328
349
-215
-18
67
-415
-236
-19
-361
-174
137
-115
14
318
73
81
317
56
-40
151
-75
-200
3
-133
-233
2
-45
-128
101
91
-19
158
145
-15
95
87
-87
-20
-5
-138
-63
-31
-132
-1
66
-100
33
235
10
-79
213
202
-126
-235
-163
-75
54
113

