168
323
454
427
171
-270
-733
-1006
-953
-597
-122
233
320
166
-56
-149
-27
236
473
546
442
268
162
189
310
422
449
384
275
171
78
-18
-112
-165
-143
-82
-99
-316
-732
-1160
-1325
-1072
-553
-206
-488
-1494
-2740
-3329
-2449
61
3461
6387
7540
6387
3461
61
-2449
-3329
-2740
-1494
-488
-206
-553
-1072
-1325
-1160
-732
-316
-99
-82
-143
-165
-112
-18
78
171
275
384
449
422
310
189
162
268
442
546
473
236
-27
-149
-56
166
320
233
-122
-597
-953
-1006
-733
-270
171
427
454
323
168
