174
24
26
27
28
29
29
29
29
29
28
27
26
24
22
20
18
15
12
8
5
1
-3
-7
-11
-16
-20
-24
-28
-32
-35
-39
-42
-45
-47
-49
-51
-52
-53
-53
-52
-51
-50
-48
-45
-42
-39
-35
-31
-26
-21
-16
-10
-5
1
6
12
17
23
28
32
36
40
43
46
48
49
50
50
49
47
45
42
38
33
28
22
16
9
2
-5
-13
-21
-29
-37
-45
-52
-59
-66
-72
-77
-82
-86
-89
-91
-92
-92
-91
-88
-85
-80
-75
-68
-60
-52
-42
-32
-21
-10
2
14
27
39
51
63
74
85
95
104
112
118
124
128
130
131
130
127
122
116
108
98
87
74
59
44
26
8
-11
-31
-51
-72
-92
-113
-132
-152
-170
-186
-202
-215
-227
-236
-242
-246
-247
-245
-240
-231
-219
-203
-184
-161
-134
-105
-71
-35
5
47
93
140
190
242
296
351
406
463
519
575
631
686
739
791
840
887
932
973
1010
1044
1074
1100
1121
1138
1150
1158
1160
1158
1150
1138
1121
1100
1074
1044
1010
973
932
887
840
791
739
686
631
575
519
463
406
351
296
242
190
140
93
47
5
-35
-71
-105
-134
-161
-184
-203
-219
-231
-240
-245
-247
-246
-242
-236
-227
-215
-202
-186
-170
-152
-132
-113
-92
-72
-51
-31
-11
8
26
44
59
74
87
98
108
116
122
127
130
131
130
128
124
118
112
104
95
85
74
63
51
39
27
14
2
-10
-21
-32
-42
-52
-60
-68
-75
-80
-85
-88
-91
-92
-92
-91
-89
-86
-82
-77
-72
-66
-59
-52
-45
-37
-29
-21
-13
-5
2
9
16
22
28
33
38
42
45
47
49
50
50
49
48
46
43
40
36
32
28
23
17
12
6
1
-5
-10
-16
-21
-26
-31
-35
-39
-42
-45
-48
-50
-51
-52
-53
-53
-52
-51
-49
-47
-45
-42
-39
-35
-32
-28
-24
-20
-16
-11
-7
-3
1
5
8
12
15
18
20
22
24
26
27
28
29
29
29
29
29
28
27
26
24
174
