19
-16
-19
-24
-31
-37
-43
-46
-47
-45
-39
-30
-19
-6
8
21
32
40
44
44
41
34
26
16
8
1
-2
-1
3
12
22
34
46
55
62
64
61
53
42
28
14
1
-9
-15
-16
-11
-2
9
22
33
41
44
41
32
16
-4
-26
-47
-66
-80
-87
-86
-78
-65
-47
-29
-13
-2
1
-3
-16
-36
-61
-87
-111
-129
-139
-138
-127
-106
-77
-45
-13
15
35
45
43
30
8
-20
-47
-70
-85
-87
-74
-47
-9
38
88
135
173
198
207
198
174
139
97
56
23
3
0
17
53
103
161
220
270
305
318
306
270
211
138
58
-17
-79
-119
-132
-116
-75
-14
57
124
176
201
192
144
60
-56
-191
-330
-457
-557
-617
-628
-590
-507
-392
-262
-139
-46
-1
-21
-113
-276
-497
-757
-1026
-1270
-1453
-1544
-1514
-1348
-1042
-606
-64
550
1190
1806
2349
2774
3044
3137
3044
2774
2349
1806
1190
550
-64
-606
-1042
-1348
-1514
-1544
-1453
-1270
-1026
-757
-497
-276
-113
-21
-1
-46
-139
-262
-392
-507
-590
-628
-617
-557
-457
-330
-191
-56
60
144
192
201
176
124
57
-14
-75
-116
-132
-119
-79
-17
58
138
211
270
306
318
305
270
220
161
103
53
17
0
3
23
56
97
139
174
198
207
198
173
135
88
38
-9
-47
-74
-87
-85
-70
-47
-20
8
30
43
45
35
15
-13
-45
-77
-106
-127
-138
-139
-129
-111
-87
-61
-36
-16
-3
1
-2
-13
-29
-47
-65
-78
-86
-87
-80
-66
-47
-26
-4
16
32
41
44
41
33
22
9
-2
-11
-16
-15
-9
1
14
28
42
53
61
64
62
55
46
34
22
12
3
-1
-2
1
8
16
26
34
41
44
44
40
32
21
8
-6
-19
-30
-39
-45
-47
-46
-43
-37
-31
-24
-19
-16
19
